DLMS WRAPPER Logical Name simulator start in ports 20018-20018.
Waiting 00:01:12 before next execution.
Server address: 1
Associations:
++++++++++++++++++++++++++++
Client address: 32 Low authentication, password 00000000
 Conformance:
BlockTransferWithGetOrRead, BlockTransferWithSetOrWrite, BlockTransferWithAction, MultipleReferences, Get, Set, SelectiveAccess, Action
 MaxReceivePduSize: 1064 MaxSendPduSize: 1064

 Security suite: Suite0
 Security policy: None
 Authentication key: D0 D1 D2 D3 D4 D5 D6 D7 D8 D9 DA DB DC DD DE DF
 Block cipher key: 00 01 02 03 04 05 06 07 08 09 0A 0B 0C 0D 0E 0F
 Broadcast block cipher key: 00 01 02 03 04 05 06 07 08 09 0A 0B 0C 0D 0E 0F

Cannot read keys when either application does not have a console or when console input has been redirected. Try Console.Read.
Waiting 01:00:00 before next execution.
TCP/IP connection established.
Client Connected.
TX:	00 01 00 01 00 20 00 2B 61 29 A1 09 06 07 60 85 74 05 08 01 01 A2 03 02 01 00 A3 05 A1 03 02 01 00 BE 10 04 0E 08 00 06 5F 1F 04 00 00 1E 1D 04 28 00 07
RX:	00 01 00 20 00 01 00 0D C0 01 C1 00 07 01 00 63 01 00 FF 03 00
TX:	00 01 00 01 00 20 00 72 C4 01 C1 00 01 06 02 04 12 00 08 09 06 00 00 01 00 00 FF 0F 02 12 00 00 02 04 12 00 03 09 06 01 00 01 1D 00 FF 0F 02 12 00 00 02 04 12 00 03 09 06 01 00 02 1D 00 FF 0F 02 12 00 00 02 04 12 00 03 09 06 01 00 03 1D 00 FF 0F 02 12 00 00 02 04 12 00 03 09 06 01 00 04 1D 00 FF 0F 02 12 00 00 02 04 12 00 01 09 06 00 00 60 08 00 FF 0F 02 12 00 00
RX:	00 01 00 20 00 01 00 40 C0 01 C1 00 07 01 00 63 01 00 FF 02 01 01 02 04 02 04 12 00 08 09 06 00 00 01 00 00 FF 0F 02 12 00 00 09 0C 07 E4 0C 0F FF 00 00 00 FF FF 4C 00 09 0C 07 E4 0C 10 FF 00 00 00 FF FF 4C 00 01 00
TX:	00 01 00 01 00 20 03 8C C4 01 C1 00 01 16 02 06 09 0C 07 E4 0C 0F FF 15 00 00 01 FF 4C 00 06 00 00 00 00 06 00 00 00 00 06 00 00 00 00 06 00 00 00 00 06 00 11 4F ED 02 06 09 0C 07 E4 0C 0F FF 14 00 00 01 FF 4C 00 06 00 00 00 00 06 00 00 00 00 06 00 00 00 00 06 00 00 00 00 06 00 11 41 E0 02 06 09 0C 07 E4 0C 0F FF 13 00 00 01 FF 4C 00 06 00 00 00 00 06 00 00 00 00 06 00 00 00 00 06 00 00 00 00 06 00 11 33 D0 02 06 09 0C 07 E4 0C 0F FF 12 00 00 02 FF 4C 00 06 00 00 00 00 06 00 00 00 00 06 00 00 00 00 06 00 00 00 00 06 00 11 25 C0 02 06 09 0C 07 E4 0C 0F FF 11 00 00 01 FF 4C 00 06 00 00 00 00 06 00 00 00 00 06 00 00 00 00 06 00 00 00 00 06 00 11 17 B0 02 06 09 0C 07 E4 0C 0F FF 10 00 00 01 FF 4C 00 06 00 00 00 00 06 00 00 00 00 06 00 00 00 00 06 00 00 00 00 06 00 11 09 A0 02 06 09 0C 07 E4 0C 0F FF 0F 00 00 01 FF 4C 00 06 00 00 00 00 06 00 00 00 00 06 00 00 00 00 06 00 00 00 00 06 00 10 FB 90 02 06 09 0C 07 E4 0C 0F FF 0E 00 00 01 FF 4C 00 06 00 00 00 00 06 00 00 00 00 06 00 00 00 00 06 00 00 00 00 06 00 10 ED 80 02 06 09 0C 07 E4 0C 0F FF 0D 00 00 01 FF 4C 00 06 00 00 00 00 06 00 00 00 00 06 00 00 00 00 06 00 00 00 00 06 00 10 DF 70 02 06 09 0C 07 E4 0C 0F FF 0C 00 00 01 FF 4C 00 06 00 00 00 00 06 00 00 00 00 06 00 00 00 00 06 00 00 00 00 06 00 10 D1 60 02 06 09 0C 07 E4 0C 0F FF 0B 00 00 01 FF 4C 00 06 00 00 00 00 06 00 00 00 00 06 00 00 00 00 06 00 00 00 00 06 00 10 C3 50 02 06 09 0C 07 E4 0C 0F FF 0A 00 00 01 FF 4C 00 06 00 00 00 00 06 00 00 00 00 06 00 00 00 00 06 00 00 00 00 06 00 10 B5 40 02 06 09 0C 07 E4 0C 0F FF 09 00 00 01 FF 4C 00 06 00 00 00 00 06 00 00 00 00 06 00 00 00 00 06 00 00 00 00 06 00 10 A7 30 02 06 09 0C 07 E4 0C 0F FF 08 00 00 01 FF 4C 00 06 00 00 00 00 06 00 00 00 00 06 00 00 00 00 06 00 00 00 00 06 00 10 99 20 02 06 09 0C 07 E4 0C 0F FF 07 00 00 01 FF 4C 00 06 00 00 00 00 06 00 00 00 00 06 00 00 00 00 06 00 00 00 00 06 00 10 8B 10 02 06 09 0C 07 E4 0C 0F FF 06 00 00 01 FF 4C 00 06 00 00 00 00 06 00 00 00 00 06 00 00 00 00 06 00 00 00 00 06 00 10 7D 00 02 06 09 0C 07 E4 0C 0F FF 05 00 00 01 FF 4C 00 06 00 00 00 00 06 00 00 00 00 06 00 00 00 00 06 00 00 00 00 06 00 10 6E F0 02 06 09 0C 07 E4 0C 0F FF 04 00 00 01 FF 4C 00 06 00 00 00 00 06 00 00 00 00 06 00 00 00 00 06 00 00 00 00 06 00 10 60 E0 02 06 09 0C 07 E4 0C 0F FF 03 00 00 01 FF 4C 00 06 00 00 00 00 06 00 00 00 00 06 00 00 00 00 06 00 00 00 00 06 00 10 52 D0 02 06 09 0C 07 E4 0C 0F FF 02 00 00 01 FF 4C 00 06 00 00 00 00 06 00 00 00 00 06 00 00 00 00 06 00 00 00 00 06 00 10 44 C0 02 06 09 0C 07 E4 0C 0F FF 01 00 00 01 FF 4C 00 06 00 00 00 00 06 00 00 00 00 06 00 00 00 00 06 00 00 00 00 06 00 10 36 B0 02 06 09 0C 07 E4 0C 0F FF 00 00 00 01 FF 4C 00 06 00 00 00 00 06 00 00 00 00 06 00 00 00 00 06 00 00 00 00 06 00 10 28 A0
RX:	00 01 00 20 00 01 00 05 62 03 80 01 00
TX:	00 01 00 01 00 20 00 17 63 11 80 01 00 BE 0F 04 0E 08 00 06 5F 1F 04 00 00 1E 1D 04 28 00 07
TCP/IP connection closed.
